use cpuid: 0 0
use cpuid: 1 0
use cpuid: 2 0
use cpuid: 3 0
[*** LOG ERROR #0001 ***] [2025-04-11 10:01:39] [stderr] std::bad_alloc [/home/try/Documents/CXLMemSim-dev/lib/bpftime/runtime/src/bpftime_shm_internal.cpp(672)]
[*** LOG ERROR #0016 ***] [2025-04-11 10:01:40] [stderr] std::bad_alloc [/home/try/Documents/CXLMemSim/lib/bpftime/attach/frida_uprobe_attach_impl/src/frida_attach_utils.cpp(19)]
[*** LOG ERROR #0019 ***] [2025-04-11 10:01:41] [stderr] std::bad_alloc [/home/try/Documents/CXLMemSim/lib/bpftime/attach/frida_uprobe_attach_impl/src/frida_attach_utils.cpp(19)]
[*** LOG ERROR #0022 ***] [2025-04-11 10:01:42] [stderr] std::bad_alloc [/home/try/Documents/CXLMemSim/lib/bpftime/attach/frida_uprobe_attach_impl/src/frida_attach_utils.cpp(19)]
[*** LOG ERROR #0024 ***] [2025-04-11 10:01:43] [stderr] std::bad_alloc [/home/try/Documents/CXLMemSim/lib/bpftime/attach/frida_uprobe_attach_impl/src/frida_attach_utils.cpp(19)]
[*** LOG ERROR #0026 ***] [2025-04-11 10:01:44] [stderr] std::bad_alloc [/home/try/Documents/CXLMemSim/lib/bpftime/attach/frida_uprobe_attach_impl/src/frida_attach_utils.cpp(19)]
[*** LOG ERROR #0028 ***] [2025-04-11 10:01:45] [stderr] std::bad_alloc [/home/try/Documents/CXLMemSim/lib/bpftime/attach/frida_uprobe_attach_impl/src/frida_attach_utils.cpp(19)]
[*** LOG ERROR #0030 ***] [2025-04-11 10:01:46] [stderr] std::bad_alloc [/home/try/Documents/CXLMemSim/lib/bpftime/attach/frida_uprobe_attach_impl/src/frida_attach_utils.cpp(19)]
[*** LOG ERROR #0033 ***] [2025-04-11 10:01:48] [stderr] std::bad_alloc [/home/try/Documents/CXLMemSim/lib/bpftime/attach/frida_uprobe_attach_impl/src/frida_attach_utils.cpp(19)]
pthread_create_probe: pid: 1379046 thread_ptr: 7ffc1caec0c8
pthread_create_return_probe: pid: 1379046 thread_id: 128239743788736 (0x74a2245fe6c0)
pthread_create_probe: pid: 1379046 thread_ptr: 7ffc1caec148
pthread_create_return_probe: pid: 1379046 thread_id: 128239735396032 (0x74a223dfd6c0)
pthread_create_probe: pid: 1379046 thread_ptr: 7ffc1caec1c8
pthread_create_return_probe: pid: 1379046 thread_id: 128239727003328 (0x74a2235fc6c0)
Generate Time:       1.69809
Build Time:          0.53605
Graph has 1048576 nodes and 15699687 undirected edges for degree: 14
    0          1     7.43423
  182          1   540.71252
  183          2  1795.95100
  184          6  1541.91694
  185         37  3183.05653
  186        476  16934.76670
  187       5745  3586.18146
  188      20924  1493.41723
  189      30299   700.45017
  190      30730   261.21076
  191      29603   211.15769
  192      27506   184.39542
  193      25767   102.18071
  194      24307    56.56719
  195      22906    74.76718
  196      21778    63.17875
  197      20622    35.97201
  198      19865    49.04388
  199      19019    32.94608
  200      17974    24.36018
  201      17235    24.05191
  202      16973    37.79493
  203      16262    50.58346
  204      15682    43.92307
  205      15173    25.73851
  206      14537    17.97370
  207      14390    18.66553
  208      13847    16.13860
  209      13613    30.10690
  210      13095    24.10355
  211      12853    29.30964
  212      12551    69.00476
  213      12291    30.12719
  214      12092    21.13586
  215      11648    31.27044
  216      11539    12.93329
  217      11335    40.65149
  218      11001    33.98341
  219      10767    16.93935
  220      10655    20.58861
  221      10426    10.67607
  222      10323    12.31397
  223      10082    17.60579
  224      10031     4.18527
  225       9764    50.20363
  226       9382    18.32848
  227       9542    14.77546
  228       9336     6.86737
  229       9277    21.03738
  230       9027    18.17100
  231       8806     4.24629
  232       8573     1.04486
  233       8709     2.87905
  234       8314    18.92243
  235       8362     4.18818
  236       8347    13.86400
  237       8057     8.07621
  238       8132     4.21105
  239       7941     7.90281
  240       7948     1.70553
  241       7768    18.13688
  242       7661    45.20070
  243       7536    13.67380
  244       7488    14.07110
  245       7387     9.94472
  246       7371    12.48022
  247       7215     1.87039
  248       6931     9.85223
  249       7188    17.73591
  250       7165     7.31326
  251       6852     5.01199
  252       6870     3.94339
  253       6991    20.73767
  254       6741     2.57508
  255       6709     1.82069
  256       6583     4.07023
  257       6608    19.22485
  258       6405     3.32265
  259       6337     1.32231
  260       6507    20.80430
  261       6204     5.60305
  262       6381     7.64252
  263       6185     5.43487
  264       6043    10.42133
  265       6067     4.42659
  266       6036    10.19604
  267       5881    12.93077
  268       5926     9.56115
  269       5781     0.78982
  270       5763     7.71946
  271       5715     4.49943
  272       5626     8.19170
  273       5614     1.76065
  274       5525     2.62997
  275       5545     5.61425
  276       5472     5.15157
  277       5484     6.00488
  278       5391     2.25799
  279       5369     3.31787
  280       5287     5.23584
  281       5225     2.66500
  282       5245     1.11348
  283       5208     2.04378
  284       5137     5.28941
  285       4992     2.84915
  286       5062     2.88920
  287       5028     2.99044
  288       5002     3.56469
  289       5092    11.94479
  290       4937     9.24509
  291       4841     3.05784
  292       4777     1.25678
  293       4945     2.59530
  294       4891     0.55424
  295       4833     2.27743
  296       4903     3.42160
  297       4721     6.90130
  298       4691     3.59678
  299       4754     6.80120
  300       4699     3.37541
  301       4558    16.87901
  302       4542     8.17849
  303       4456    14.13346
  304       4573     5.48830
  305       4494     3.18507
  306       4519     6.14057
  307       4367    11.11153
  308       4425     6.12343
  309       4356     6.08236
  310       4416     0.60647
  311       4373     2.75090
  312       4355    10.32096
  313       4295     3.65952
  314       4174     0.98287
  315       4171     2.85238
  316       4156     3.32699
  317       4194     1.40284
  318       4195    22.49160
  319       4258    10.87472
  320       4225     3.05734
  321       3962     1.50761
  322       3987     4.29812
  323       4097     2.88822
  324       4050     1.53320
  325       4058     3.63854
  326       4010     3.21711
  327       3959     1.74751
  328       4021     2.03737
  329       3856     0.09226
  330       3900     3.63663
  331       3935     4.62078
  332       3917     3.40211
  333       3842     3.72452
  334       3812     3.08556
  335       3886     7.80916
  336       3756     0.98027
  337       3756     2.54942
  338       3789     9.87939
  339       3609     0.07067
  340       3752     5.13529
  341       3712     4.34652
  342       3675     0.07329
  343       3668     1.09635
  344       3617     3.52521
  345       3753     2.15084
  346       3625     2.73503
  347       3632     2.75435
  348       3581     9.10077
  349       3580     1.99365
  350       3584     2.60803
  351       3508     9.05707
  352       3582    10.41450
  353       3447     1.51304
  354       3470     9.19976
  355       3422     5.36259
  356       3354     5.29854
  357       3501     0.06409
  358       3540     8.21766
  359       3345     0.05817
  360       3374     3.07360
  361       3389     2.01170
  362       3371     1.38913
  363       3381     0.05909
  364       3429     4.96941
  365       3316     0.06075
  366       3323    13.96828
  367       3348     0.05826
  368       3288     3.99417
  369       3295     1.96314
  370       3200     0.06034
  371       3207     3.14817
  372       3228     3.04353
  373       3161     3.01530
  374       3261     3.85434
  375       3167     0.05396
  376       3202     0.05543
  377       3081     1.78378
  378       3116     5.04475
  379       3153     1.46069
  380       3113     2.18876
  381       3063     3.51287
  382       2974     2.26792
  383       3067     3.47689
  384       2958     3.26381
  385       3078     2.17719
  386       2976     1.54931
  387       3026     1.53774
  388       3045     2.84247
  389       2950     2.51206
  390       2906     1.48340
  391       2952     1.73091
  392       3005     0.84576
  393       2915     1.70571
  394       2925     2.58668
  395       2904     0.04864
  396       2944     3.27399
  397       2861     0.04692
  398       2839     1.73639
  399       2781     0.67097
  400       2811     1.80981
  401       2883     0.68996
  402       2898     0.82858
  403       2935     0.05078
  404       2825     0.47768
  405       2751     2.89525
  406       2788     0.04852
  407       2801     9.19359
  408       2733     1.61427
  409       2725     0.72950
  410       2755     1.90188
  411       2812     3.87253
  412       2691     0.70778
  413       2794     1.18994
  414       2769     2.50034
  415       2802     7.34014
  416       2789     1.29676
  417       2808     0.04459
  418       2748     3.33331
  419       2685     3.51340
  420       2684     0.73228
  421       2692     3.52198
  422       2708     0.65478
  423       2768     0.04486
  424       2648    13.39062
  425       2615     2.77418
  426       2696     1.65852
  427       2629     0.04093
  428       2687     3.15656
  429       2635     1.38695
  430       2608     3.18984
  431       2541     0.04063
  432       2532     2.38390
  433       2614     1.21539
  434       2565     0.04142
  435       2611     1.32801
  436       2583     7.41306
  437       2530     2.66580
  438       2573     2.17693
  439       2583     0.69881
  440       2487     0.04227
  441       2274     0.03801
  442       1522     1.29264
  443        632     3.49906
  444        277     1.73483
  445        166     0.01394
  446        122     0.01185
  447        103     0.52762
  448         93     0.01078
  449         71     0.01092
  450         69     0.56917
  451         43     0.01143
  452         45     0.01143
  453         33     0.01077
  454         42     1.88675
  455         18     0.01023
  456         37     0.01042
  457         24     0.01034
  458         26     0.01042
  459         27     0.01000
  460         22     0.01025
  461         31     0.01049
  462         17     0.01013
  463         26     0.01036
  464         22     0.01023
  465         15     0.00979
  466         17     0.00981
  467         14     0.01004
  468         26     0.41387
  469         16     0.00914
  470          9     0.00903
  471         15     0.00920
  472         11     0.00914
  473         13     0.00898
  474          7     0.00884
  475         11     0.00971
  476         11     0.00920
  477          8     0.00971
  478         11     0.00893
  479         11     0.00854
  480         11     0.00925
  481          9     0.00884
  482         10     0.00891
  483         14     0.00867
  484          6     0.00858
  485          7     0.00878
  486         12     0.00874
  487          8     0.00961
  488          4     0.00909
  489          5     0.00873
  490         13     0.00903
  491          9     0.00869
  492          6     0.00891
  493         12     0.00969
  494          9     0.00942
  495         10     0.00921
  496          8     0.00881
  497          4     0.00929
  498          4     0.00922
  499          2     0.00902
  500          2     0.71663
  501         10     0.00885
  502          7     0.00876
  503          6     0.00865
  504          2     0.00874
  505          6     0.00865
  506          1     0.00856
  507          5     0.00919
  508         10     0.00851
  509          3     0.00843
  510          7     0.00947
  511          6     0.00909
  512          2     0.00846
  513          4     0.00849
  514          3     0.00845
  515          4     0.00864
  516          7     0.00839
  517          5     0.00854
  518          2     0.00837
  519          4     0.00845
  520          7     0.00842
  521          3     0.00840
  522          5     0.00853
  523          3     0.00879
  524          5     0.00912
  525          2     0.00847
  526          6     0.00868
  527          6     0.00865
  528          3     0.00854
  529          2     0.00827
  530          1     0.00867
  531          4     0.00852
  532          9     0.00867
  533          4     0.00858
  534          2     0.00836
  535          6     0.00851
  536          3     0.00828
  537          1     0.00835
  538          1     0.00861
  539          6     0.00882
  540          2     0.00846
  541          6     0.00865
  542          5     0.00882
  543          3     0.00863
  544          4     0.00840
  545          3     0.00828
  546          2     0.00828
  547          1     0.00833
  548          4     0.00842
  549          1     0.00858
  550          2     0.00852
  551          3     0.00844
  552          2     0.00872
  553          2     0.00835
  554          2     0.00832
  555          4     0.00851
  556          1     0.00842
  557          1     0.00818
  558          3     0.00867
  559          1     0.00822
  560          1     0.00824
  561          3     0.00851
  562          3     0.00845
  563          3     0.00851
  564          2     0.00837
  565          2     0.00846
  566          1     0.00867
  567          2     0.00851
  568          1     0.00837
  569          3     0.00848
  570          2     0.00833
  571          3     0.00824
  572          2     0.00831
  573          1     0.00835
  574          1     0.00825
  575          4     0.00837
  576          1     0.00836
  577          3     0.00844
  578          2     0.00844
  580          2     0.00843
  581          1     0.00930
  582          2     0.00828
  583          3     0.00848
  584          1     0.00871
  586          1     0.00822
  589          2     0.00846
  590          3     0.00865
  592          1     0.00863
  593          2     0.00842
  594          3     0.00861
  595          3     0.00878
  597          1     0.00855
  599          1     0.00842
  600          1     0.00865
  601          3     0.00856
  602          3     0.00869
  603          1     0.00874
  604          1     0.00904
  606          1     0.00890
  607          3     0.00896
  608          1     0.00867
  609          1     0.00871
  610          1     0.00833
  612          2     0.00863
  613          1     0.00860
  616          2     0.00875
  617          1     0.00862
  619          1     0.00835
  621          1     0.00846
  625          2     0.00843
  626          2     0.00847
  629          1     0.00834
  631          1     0.00857
  632          1     0.00838
  633          1     0.00868
  634          1     0.00842
  636          1     0.00841
  639          1     0.00846
  641          1     0.00860
  642          2     0.00972
  643          1     0.00847
  644          1     0.00850
  646          1     0.00862
  650          1     0.00860
  653          1     0.00857
  657          2     0.00843
  661          1     0.00825
  667          1     0.00818
  668          2     0.00849
  673          1     0.00827
  677          1     0.00809
  693          1     0.00819
  735          1     0.00812
took 452 iterations
Trial Time:          34.17906
    0          1     8.99505
    8          1   194.25891
   11          1   160.60775
   13          1    18.38468
   14          2  1271.32726
   15         12  4171.10913
   16        280  16753.90208
   17       2901  5541.34607
   18      15339  2070.80770
   19      28623   562.89004
   20      31118   369.87318
   21      30090   229.54825
   22      28273   101.44825
   23      26214   101.08285
   24      24577    85.19348
   25      23420    87.18963
   26      21997   102.46420
   27      20869    65.39046
   28      20184    27.66804
   29      19320    50.56908
   30      18368    59.38493
   31      17562    25.31409
   32      16895    58.16769
   33      16753    35.17646
   34      15905    22.29768
   35      15178    30.88430
   36      15017    38.45022
   37      14266    34.12052
   38      14117    54.03841
   39      13707    45.84637
   40      13075    37.92714
   41      12943    35.52665
   42      12642    26.50931
   43      12356    26.58682
   44      12135    24.92662
   45      11881    23.76182
   46      11602    38.63933
   47      11317     4.67651
   48      11063    24.03191
   49      11040    34.59425
   50      10552    20.15064
   51      10549    11.19014
   52      10427    43.09982
   53      10152     6.84815
   54       9980     4.07768
   55       9767    21.65678
   56       9497    26.35407
   57       9510    22.42398
   58       9499    10.59384
   59       9287     3.78256
   60       9042    21.78853
   61       8891     3.82326
   62       8777     3.04257
   63       8581     3.76392
   64       8407    10.07272
   65       8401     7.56694
   66       8344     2.88159
   67       8077    18.81481
   68       7944     7.49614
   69       8042    10.99470
   70       7887    13.84904
   71       7773     6.03291
   72       7766    29.56804
   73       7535    15.14148
   74       7470     2.87944
   75       7465     5.79425
   76       7347     7.82434
   77       7214     4.67427
   78       7103     9.13873
   79       7221    16.87014
   80       7098    36.05441
   81       6902     2.63196
   82       7027     9.05543
   83       6843    17.71675
   84       6656    11.75986
   85       6744    10.38536
   86       6573     2.32162
   87       6512    10.34928
   88       6432    11.44994
   89       6450     4.26581
   90       6257     6.16514
   91       6334    17.77779
   92       6269     4.63290
   93       6205     3.16426
   94       6055     1.12455
   95       6032     6.28661
   96       6100     7.62055
   97       5960     3.27020
   98       5868     6.95326
   99       5861     3.38995
  100       5840     2.06904
  101       5779     7.47971
  102       5524     4.57114
  103       5507     8.22086
  104       5600     0.23428
  105       5499     5.75228
  106       5453     0.67630
  107       5380     6.86748
  108       5389     8.34066
  109       5380     5.33901
  110       5262     4.21265
  111       5301     5.50949
  112       5276     3.43484
  113       5152     2.98580
  114       5178     4.42885
  115       5020     6.12060
  116       5000     6.31923
  117       5057     6.28217
  118       4972     8.82350
  119       5007     0.79612
  120       4970     4.51420
  121       4750     3.52576
  122       4812     3.61819
  123       4812     2.00384
  124       4815     1.20306
  125       4843     5.44681
  126       4856     3.20600
  127       4756     1.78274
  128       4664     5.29247
  129       4624     1.49911
  130       4710     4.14999
  131       4580     2.28378
  132       4628     4.14195
  133       4532     7.79673
  134       4535     4.68918
  135       4363     9.00102
  136       4475     3.05128
  137       4347     5.07530
  138       4374    17.09288
  139       4275    12.08855
  140       4387     2.19920
  141       4243    14.61528
  142       4383     9.09615
  143       4310     2.43878
  144       4211     4.62100
  145       4187     2.10332
  146       4154     3.44883
  147       4254     3.88481
  148       4124     3.83816
  149       4347     3.81990
  150       4088     3.28879
  151       3966     4.21005
  152       4035     3.07600
  153       3982     4.33137
  154       4054     2.36000
  155       4042     0.15437
  156       3909     3.18600
  157       3891     2.81963
  158       3924     3.77630
  159       3877     0.11031
  160       3968     2.66710
  161       3845     3.29720
  162       3820     2.64201
  163       3939     3.54730
  164       3830     9.36920
  165       3802     0.09261
  166       3870     2.66643
  167       3760     5.32954
  168       3821     8.09284
  169       3661     1.74350
  170       3637     1.94349
  171       3710    17.25362
  172       3675     0.08336
  173       3683     0.86911
  174       3664     2.11679
  175       3580     9.58083
  176       3587     1.57046
  177       3510     3.70106
  178       3532     1.44737
  179       3569     3.54924
  180       3587     9.09287
  181       3483     3.37324
  182       3506     9.59968
  183       3456     1.94189
  184       3457     2.17895
  185       3494     8.11838
  186       3370     4.08981
  187       3435     1.44915
  188       3400     3.10977
  189       3340     2.31947
  190       3348     3.50935
  191       3356     8.09180
  192       3405     0.90629
  193       3316     0.07527
  194       3361     3.59113
  195       3288     0.07193
  196       3345     0.07262
  197       3290    10.14753
  198       3179     1.56655
  199       3245     1.78320
  200       3311     1.50883
  201       3246     5.23485
  202       3187     2.84946
  203       3248     3.46375
  204       3161     0.07027
  205       3168     1.73930
  206       3148     0.98738
  207       3075     0.66508
  208       3086     2.94634
  209       3141     2.87944
  210       3126     3.16504
  211       3120     1.51629
  212       2983     2.27945
  213       3041     3.63760
  214       2992     2.96033
  215       3042     1.86825
  216       2962     3.76892
  217       2980     2.79931
  218       2968     0.68597
  219       2962     1.07117
  220       3123     2.44699
  221       2902     2.32052
  222       2970     1.31290
  223       2916     1.48775
  224       2898     3.75685
  225       2899     0.92995
  226       2865     4.91387
  227       2855     1.79308
  228       2872     1.97584
  229       2750     2.97160
  230       2827     0.05409
  231       2877     1.15778
  232       2893     0.05296
  233       2918     0.62132
  234       2783     0.05071
  235       2883     2.14164
  236       2751     0.04944
  237       2837     3.11773
  238       2785    11.62970
  239       2688     0.86891
  240       2646     1.75307
  241       2818     2.33628
  242       2757     0.05137
  243       2805     4.05748
  244       2706     2.36347
  245       2737     0.04976
  246       2781     0.85690
  247       2671     2.90888
  248       2712     1.24103
  249       2757     2.28682
  250       2621     4.12197
  251       2720     3.54967
  252       2665     2.05939
  253       2654     0.04709
  254       2701     3.15783
  255       2670     1.39559
  256       2565     6.49254
  257       2681     0.05207
  258       2623     2.19007
  259       2653     1.71567
  260       2608     2.72043
  261       2618     0.04788
  262       2615     1.78979
  263       2512     1.63063
  264       2638     0.04763
  265       2616     0.04781
  266       2551     3.29102
  267       2490     4.01556
  268       2487     0.04587
  269       2605     3.52187
  270       2534     0.04648
  271       2368     0.48619
  272       1794     0.03850
  273        900     0.03008
  274        374     2.94436
  275        207     1.28011
  276        116     0.01176
  277        105     0.01176
  278        104     0.01201
  279         79     0.01080
  280         64     1.03582
  281         52     0.01018
  282         46     0.00980
  283         33     0.00931
  284         37     0.00938
  285         36     2.31207
  286         23     0.00937
  287         31     0.00944
  288         25     0.00898
  289         20     0.00909
  290         30     0.00939
  291         28     0.00924
  292         23     0.00881
  293         16     0.00899
  294         27     0.00931
  295         21     0.00860
  296         14     0.00883
  297         16     0.00980
  298         19     0.00881
  299         22     1.44837
  300         12     0.00864
  301         12     0.00929
  302         17     0.00867
  303         11     0.00865
  304          6     0.00796
  305         11     0.00877
  306          8     0.00808
  307         12     0.00847
  308          9     0.00816
  309         11     0.00848
  310          8     0.00825
  311          9     0.00841
  312         12     0.00829
  313         12     0.00855
  314         11     0.00826
  315          7     0.00817
  316          7     0.00814
  317         12     0.00860
  318          7     0.00819
  319          5     0.00792
  320          5     0.00817
  321          9     0.00810
  322         12     0.00835
  323         15     0.00851
  324          6     0.00806
  325          7     0.00783
  326          5     0.00797
  327          9     0.00823
  328          5     0.00824
  329          1     0.00780
  330          3     0.00777
  331          7     0.85461
  332          8     0.00826
  333          8     0.00812
  334          4     0.00815
  335          5     0.00796
  336          2     0.00783
  337          5     0.00805
  338          3     0.00809
  339          7     0.00818
  340          6     0.00790
  341          9     0.00822
  342          1     0.00789
  343          2     0.00779
  344          5     0.00795
  345          3     0.00826
  346          5     0.00783
  347          7     0.00821
  348          3     0.00794
  349          6     0.00788
  350          2     0.00780
  351          6     0.00815
  352          3     0.00800
  353          5     0.00807
  354          3     0.00850
  355          4     0.00839
  356          4     0.00852
  357          7     0.00871
  358          4     0.00867
  359          3     0.00872
  361          4     0.00854
  362          6     0.00855
  363          7     0.00854
  364          2     0.00845
  365          5     0.00868
  366          5     0.00864
  367          1     0.00851
  369          4     0.00876
  370          5     0.00868
  371          5     0.00854
  372          3     0.00864
  373          5     0.00855
  374          2     0.00872
  375          5     0.00862
  376          2     0.00848
  377          2     0.00830
  378          3     0.00846
  379          2     0.00839
  380          2     0.00856
  381          1     0.00851
  382          2     0.00839
  383          3     0.00949
  384          2     0.00853
  385          3     0.00852
  386          2     0.00837
  387          2     0.00854
  388          3     0.00848
  389          1     0.00873
  390          1     0.00852
  391          3     0.00859
  392          2     0.00848
  393          2     0.00860
  394          4     0.00880
  395          2     0.00874
  396          2     0.00874
  397          1     0.00865
  398          1     0.00899
  399          3     0.00863
  400          3     0.00844
  401          2     0.00853
  402          1     0.00865
  403          2     0.00871
  404          1     0.00857
  405          2     0.00860
  406          3     0.00853
  407          2     0.00857
  408          1     0.00846
  409          2     0.00859
  411          1     0.00831
  412          6     0.00838
  413          1     0.00842
  414          1     0.00851
  415          1     0.00828
  419          1     0.00838
  420          4     0.00870
  422          1     0.00834
  423          1     0.00840
  424          3     0.00853
  425          4     0.00852
  429          1     0.00822
  430          3     0.00830
  431          1     0.00837
  432          3     0.00849
  433          1     0.00819
  434          2     0.00848
  436          1     0.00822
  437          4     0.00853
  440          1     0.00808
  441          1     0.00808
  442          2     0.00839
  445          1     0.00839
  446          3     0.00848
  449          1     0.00841
  453          1     0.00844
  455          2     0.00839
  457          2     0.00831
  460          1     0.00826
  461          1     0.00857
  462          1     0.00864
  463          1     0.00852
  465          1     0.00851
  466          1     0.00857
  469          1     0.00834
  472          3     0.00857
  473          1     0.00825
  474          1     0.00951
  476          1     0.00873
  480          1     0.00845
  483          1     0.00851
  485          1     0.00841
  488          1     0.00835
  491          1     0.00827
  497          1     0.00849
  498          1     0.00851
  499          1     0.00844
  503          1     0.00849
  507          1     0.00843
  524          1     0.00848
  566          1     0.00821
took 449 iterations
Trial Time:          35.34171
    0          1     2.54141
   30          1    18.90615
   32          1   891.94124
   33          4  3869.51762
   34        105  12141.12500
   35        988  8555.29751
   36       8581  3143.36449
   37      24194  1204.57899
   38      31065   380.60001
   39      30716   180.50369
   40      29094   157.76677
   41      27009    90.71865
   42      25405    97.76485
   43      23616    47.33617
   44      22756    62.36516
   45      21498    55.82006
   46      20554    28.27623
   47      19536   120.54299
   48      18599    22.84305
   49      17792    19.57079
   50      17438    55.43024
   51      16744    12.24589
   52      16174    39.39193
   53      15447    12.23337
   54      14911    56.01287
   55      14729     8.96617
   56      14301    23.04355
   57      13719    37.51882
   58      13304    26.07402
   59      13155    31.57798
   60      12719    57.53155
   61      12486    23.54499
   62      12114    35.89814
   63      11996    36.15939
   64      11767     7.07668
   65      11282    16.33818
   66      11286    16.53859
   67      11063    33.16244
   68      10794    20.93818
   69      10517     6.29584
   70      10421    15.10759
   71      10257    20.92462
   72      10160    26.92884
   73       9826     4.99456
   74       9739    20.52706
   75       9441     4.47686
   76       9504    24.44263
   77       9324     2.96515
   78       9067    46.49731
   79       9012     5.51350
   80       8638     1.92296
   81       8632     4.58011
   82       8558    15.52221
   83       8340     2.51496
   84       8325     8.97586
   85       8217     2.83770
   86       8153    11.99777
   87       8034     5.44316
   88       7917     4.78735
   89       7851     6.63799
   90       7726     9.30680
   91       7681    37.50286
   92       7674     6.38627
   93       7424     4.34644
   94       7451     6.27232
   95       7277    10.66472
   96       7130     4.87761
   97       6947    10.98229
   98       7029     6.25789
   99       7075     6.63453
  100       6953    11.61524
  101       6842     6.23756
  102       6762    11.99920
  103       6729    21.74695
  104       6666     0.71501
  105       6586     4.87024
  106       6527    18.50120
  107       6404     4.33399
  108       6321     4.69483
  109       6218    16.52943
  110       6117    14.91408
  111       6230     4.93590
  112       6180     1.61919
  113       6116     1.43836
  114       6033     4.22369
  115       6094    11.19131
  116       5877     3.55900
  117       6001     4.76992
  118       5795     2.88029
  119       5711     2.63069
  120       5734     8.19916
  121       5617     3.94383
  122       5682     0.93529
  123       5549     3.09146
  124       5459     3.56080
  125       5481     7.15282
  126       5487     1.97617
  127       5439     4.30391
  128       5289     1.33972
  129       5315     2.12332
  130       5260     4.75060
  131       5260     0.15251
  132       5237     1.27644
  133       5080     8.95326
  134       5026     2.78706
  135       5000     0.73944
  136       4973    18.29962
  137       5105     5.31550
  138       4991     2.69361
  139       5045     4.20676
  140       4782     4.40474
  141       4834     3.58302
  142       4792     1.76607
  143       4797     4.21789
  144       4856     3.52574
  145       4904     3.30952
  146       4697     4.21073
  147       4703     1.90661
  148       4658    13.59649
  149       4630     8.76912
  150       4668     7.53628
  151       4456    16.08422
  152       4469     5.71325
  153       4601     3.97818
  154       4435    15.40875
  155       4532    10.58285
  156       4454     6.12570
  157       4301     3.91326
  158       4327    14.17425
  159       4365     3.74095
  160       4332     9.51296
  161       4294     0.82409
  162       4301     3.52308
  163       4195     8.92944
  164       4240     0.10086
  165       4168     2.56093
  166       4105    20.57127
  167       4243    14.90088
  168       4129     3.80427
  169       4024     1.30131
  170       4043     3.49918
  171       4115     1.41894
  172       4091    21.85451
  173       4103     1.12739
  174       3975     4.30988
  175       3922     1.68430
  176       3910     1.50645
  177       3929     1.51754
  178       3922     0.09704
  179       3882     1.63441
  180       3927     4.45876
  181       3761     3.18940
  182       3857     2.46646
  183       3777     7.19898
  184       3763     2.21257
  185       3827     3.93238
  186       3873     3.56305
  187       3787     9.53989
  188       3724     1.53701
  189       3755     1.30436
  190       3641     5.68158
  191       3729     1.39581
  192       3659     1.18343
  193       3645    12.65023
  194       3568     2.20383
  195       3567     2.66388
  196       3567     1.91999
  197       3588     1.99714
  198       3543     1.74301
  199       3479    19.86037
  200       3535     3.69020
  201       3491     2.37583
  202       3500     2.23909
  203       3439     2.18963
  204       3551     3.15771
  205       3432     2.91891
  206       3422     0.06447
  207       3408     8.58529
  208       3425     8.01253
  209       3417     3.40188
  210       3363     1.80080
  211       3440     0.06178
  212       3422     3.26313
  213       3371     2.36523
  214       3277     0.05942
  215       3267     1.15793
  216       3302     9.89752
  217       3178     4.13977
  218       3313     0.06150
  219       3208     4.51390
  220       3287     4.93435
  221       3185     3.11616
  222       3242     4.90507
  223       3217     2.43139
  224       3172     2.14619
  225       3054     0.79532
  226       3131     8.99862
  227       3083     9.95484
  228       3130     0.06112
  229       3015    16.02275
  230       2982    13.34342
  231       3016     2.90029
  232       3151     1.07651
  233       3043     5.93174
  234       3128     7.03192
  235       3041     3.98554
  236       3020     0.06142
  237       2915     2.36269
  238       2981     5.05242
  239       2947     0.92135
  240       2970     4.27599
  241       2949     2.89465
  242       2967     0.05600
  243       2974     1.36137
  244       2886     4.18135
  245       2886     0.80870
  246       2814     2.44240
  247       2799     3.78187
  248       2866     0.05188
  249       2925     2.01384
  250       2849     1.50534
  251       2793     2.10718
  252       2853     0.05084
  253       2820     2.29980
  254       2775     0.04829
  255       2791     3.36541
  256       2958    14.54544
  257       2685     3.66841
  258       2717     1.28255
  259       2746     4.37880
  260       2811     3.24492
  261       2771     0.87042
  262       2777     4.11364
  263       2747     4.78461
  264       2684     6.65969
  265       2735     0.04774
  266       2699     6.35534
  267       2730     1.70131
  268       2684     4.50000
  269       2676     7.21005
  270       2711     0.76495
  271       2665     1.42049
  272       2656     0.73915
  273       2592     4.17839
  274       2625    19.09780
  275       2490     4.45134
  276       2769     3.76535
  277       2592     0.04899
  278       2626     5.45096
  279       2551     1.48083
  280       2561     2.43187
  281       2543     2.92826
  282       2570     2.72442
  283       2523     0.04601
  284       2596     3.54695
  285       2510     8.98189
  286       2573     5.47499
  287       2467     3.91244
  288       2551     0.04825
  289       2444     0.04350
  290       2124     2.31772
  291       1205     0.03426
  292        543     1.29508
  293        232     3.50762
  294        160     0.01363
  295        120     1.04401
  296         93     0.01198
  297        102     0.01228
  298         52     0.00996
  299         65     2.62559
  300         52     0.01009
  301         37     0.00950
  302         30     1.20507
  303         40     0.00996
  304         30     0.00955
  305         31     0.00995
  306         22     0.00948
  307         33     0.01025
  308         16     0.00977
  309         30     0.00931
  310         22     0.00897
  311         22     0.00885
  312         26     0.00915
  313         16     0.00862
  314         23     0.00901
  315         16     0.00897
  316         16     0.00832
  317         23     1.52399
  318         13     0.00892
  319         11     0.00865
  320         13     0.00931
  321         14     0.00987
  322          7     0.00882
  323          8     0.00907
  324         13     0.00854
  325         11     0.00865
  326          8     0.00840
  327          8     0.00855
  328         10     0.00841
  329         14     0.00840
  330          6     0.00817
  331         13     0.00890
  332         10     0.00828
  333          7     0.00826
  334         11     0.00846
  335          9     0.00829
  336          9     0.00830
  337          5     0.00831
  338          7     0.00923
  339          9     0.00846
  340          9     0.00822
  341         11     0.00834
  342          9     0.00845
  343          7     0.00829
  344          9     0.00839
  345         10     0.00850
  346          3     0.00820
  347          5     0.00827
  349          5     1.74513
  350         10     0.00928
  351          5     0.00918
  352          5     0.00883
  353          5     0.00874
  354          3     0.00862
  355          6     0.00888
  356          4     0.00870
  357          4     0.00903
  358          8     0.00888
  359          7     0.00835
  360          3     0.00817
  361          4     0.00826
  362          3     0.00804
  363          1     0.00814
  364          4     0.00810
  365          9     0.00822
  366          2     0.00795
  367          6     0.00815
  368          2     0.00810
  369          7     0.00837
  370          5     0.00795
  371          3     0.00845
  372          5     0.00814
  373          4     0.00837
  374          2     0.00800
  375          6     0.00808
  376          4     0.00812
  377          5     0.00806
  378          1     0.00783
  379          3     0.00819
  380          5     0.00805
  381          4     0.00823
  382          6     0.00821
  383          2     0.00814
  384          8     0.00844
  385          1     0.00790
  386          1     0.00795
  387          2     0.00807
  388          6     0.00853
  389          3     0.00793
  390          4     0.00813
  391          5     0.00809
  392          5     0.00813
  393          2     0.00807
  394          3     0.00804
  395          2     0.00794
  396          2     0.00811
  397          2     0.00798
  398          4     0.00797
  399          1     0.00852
  400          3     0.00802
  401          1     0.00840
  402          1     0.00886
  403          2     0.00815
  404          5     0.00835
  405          1     0.00884
  406          2     0.00824
  407          3     0.00941
  408          1     0.00796
  409          2     0.00810
  410          3     0.00830
  411          1     0.00766
  412          3     0.00806
  413          3     0.00808
  414          1     0.00797
  415          2     0.00803
  416          1     0.00808
  417          2     0.00799
  418          3     0.00950
  419          2     0.00805
  420          2     0.00786
  421          1     0.00783
  422          1     0.00801
  423          5     0.00813
  424          1     0.00791
  425          2     0.00802
  426          2     0.00794
  427          2     0.00785
  429          1     0.00785
  430          2     0.00804
  431          5     0.00840
  433          1     0.00796
  435          1     0.00810
  438          4     0.00809
  439          1     0.00776
  441          1     0.00781
  442          4     0.00803
  443          1     0.00778
  444          2     0.00784
  445          1     0.00791
  448          2     0.00791
  449          1     0.00787
  450          3     0.00792
  451          3     0.00797
  453          2     0.00798
  455          3     0.00778
  456          1     0.00789
  457          1     0.00783
  458          1     0.00768
  459          1     0.00759
  460          2     0.00805
  463          1     0.00898
  464          2     0.00846
  465          1     0.00817
  467          1     0.00856
  471          1     0.00819
  474          4     0.00830
  479          1     0.00795
  480          2     0.00793
  481          1     0.00799
  484          2     0.00792
  488          1     0.00794
  490          2     0.00800
  491          1     0.00777
  492          1     0.00771
  493          1     0.00807
  494          1     0.00797
  499          1     0.00792
  502          1     0.00797
  505          2     0.00796
  510          1     0.00783
  515          1     0.00972
  516          1     0.00801
  518          1     0.00800
  521          1     0.00796
  526          1     0.00796
  541          1     0.00804
  584          1     0.00777
took 447 iterations
Trial Time:          34.78270
    0          1     3.74692
  106          1  4282.07022
  107         53  4419.06692
  108        352  15091.03777
  109       4080  4937.21701
  110      18121  1545.19202
  111      29533   472.25460
  112      31114   168.54388
  113      29856   188.24831
  114      27790   176.54307
  115      25892    91.74024
  116      24503    60.02945
  117      23338    22.85677
  118      21910    99.21167
  119      20709    23.49091
  120      19980    75.16026
  121      19142    15.72374
  122      18081    28.60833
  123      17605    79.02960
  124      17040    56.86957
  125      16411    37.67091
  126      15884    26.20929
  127      15331    45.49315
  128      14807    43.63493
  129      14349    33.90372
  130      13969    81.23646
  131      13676    36.30515
  132      13062    27.57282
  133      12943    42.26740
  134      12502    51.66147
  135      12466    19.55371
  136      12038     9.39539
  137      11754    28.35104
  138      11473    18.77677
  139      11188    24.04694
  140      11122    18.04513
  141      10975    20.81563
  142      10577    23.53338
  143      10566    25.56362
  144      10268    13.30367
  145      10112    10.28268
  146      10069    10.04311
  147       9771    36.92499
  148       9598     3.52733
  149       9539     4.55135
  150       9407    30.76866
  151       9294    25.77887
  152       9089    21.76431
  153       8748     4.42446
  154       8578     5.26080
  155       8511     8.24346
  156       8517     9.47870
  157       8299     7.55521
  158       8281    21.71724
  159       8093    17.30577
  160       8086    21.11603
  161       8066     5.26170
  162       7911     4.28914
  163       7853     7.57711
  164       7652    20.89631
  165       7574    10.68267
  166       7441    19.42140
  167       7375     5.32028
  168       7352    19.25844
  169       7287     5.37163
  170       6981     3.33558
  171       7348     9.99807
  172       6956    22.16030
  173       6910     2.91504
  174       6957    17.18801
  175       6837    24.75389
  176       6763     8.55860
  177       6613     0.28050
  178       6627     2.80898
  179       6575    19.72577
  180       6449    17.78484
  181       6349     4.13919
  182       6148    12.96811
  183       6195     6.63128
  184       6333     3.36769
  185       6173     5.01991
  186       6135     1.91585
  187       5998     8.49948
  188       6054     8.80364
  189       6084    17.31890
  190       6037     9.90757
  191       5734     3.03869
  192       5742     7.76616
  193       5630     6.02567
  194       5595    15.71290
  195       5553     3.76857
  196       5658     2.08252
  197       5391     7.19720
  198       5464     8.75743
  199       5338    17.88561
  200       5444     3.61409
  201       5419     4.69355
  202       5249     3.19901
  203       5245     2.86003
  204       5266     0.19212
  205       5109     0.18520
  206       5161     9.85587
  207       5028     7.14537
  208       4928     5.09936
  209       5101     2.07215
  210       4979     8.72514
  211       5009    15.48944
  212       5029    18.18493
  213       4744     3.15295
  214       4825     3.29838
  215       4945     4.33934
  216       4832     4.15035
  217       4889     3.65426
  218       4818     3.91923
  219       4736     3.86973
  220       4641     0.13453
  221       4716     1.02345
  222       4615    22.03355
  223       4590    16.11901
  224       4537    23.62475
  225       4501    11.54712
  226       4544     0.85888
  227       4495    23.18139
  228       4488     6.33922
  229       4376    20.24891
  230       4458     5.68168
  231       4321     8.75875
  232       4443    10.24614
  233       4332     4.48199
  234       4268     0.76997
  235       4427     1.81392
  236       4203     4.87634
  237       4139     4.14315
  238       4220     1.42013
  239       4154     2.50553
  240       4157    12.71853
  241       4229     4.83755
  242       4127     5.33871
  243       4016     3.39349
  244       4043     2.66860
  245       4055     4.39695
  246       4005     2.31539
  247       4075     3.44770
  248       3972     3.56684
  249       3937     1.00567
  250       3947     0.10535
  251       3861     3.08161
  252       3925     3.04516
  253       3952     4.22686
  254       3933     4.48128
  255       3814     9.60535
  256       3913     1.69891
  257       3705     1.85146
  258       3798     1.87320
  259       3804     4.84645
  260       3695     7.47303
  261       3722     3.66903
  262       3714     3.68133
  263       3696     3.86777
  264       3634     0.07904
  265       3597    12.77031
  266       3643     1.49942
  267       3635     4.75493
  268       3654     0.95288
  269       3588    15.20671
  270       3571     5.49463
  271       3503     2.04124
  272       3555     1.45643
  273       3518     5.73046
  274       3540     5.54661
  275       3402     2.89401
  276       3431     2.98221
  277       3423    15.72896
  278       3356     9.85554
  279       3523     4.06966
  280       3439    15.17966
  281       3482     2.54444
  282       3380     3.57600
  283       3407     0.59833
  284       3400     0.77327
  285       3402     1.83393
  286       3332     4.62325
  287       3372     0.06529
  288       3302     9.57698
  289       3349     1.22033
  290       3249     1.73117
  291       3243     3.45846
  292       3282     2.24333
  293       3177    11.24254
  294       3157     2.03265
  295       3228     1.19452
  296       3224     5.95631
  297       3172     0.06206
  298       3184     0.06159
  299       3078     1.70019
  300       3084     6.77180
  301       3060     2.45971
  302       3154     3.99609
  303       3090     3.54177
  304       2969     0.91329
  305       2945     5.92503
  306       2998     5.26343
  307       3142     0.57012
  308       3098     1.59516
  309       3040     3.82545
  310       3020     1.91284
  311       2995     1.11924
  312       2887     4.45134
  313       3076     0.05892
  314       2938     2.50158
  315       2988     1.30522
  316       2907     0.05356
  317       2928     0.73245
  318       2958     4.19979
  319       2916     1.55437
  320       2827     1.65501
  321       2815     1.63262
  322       2854     0.05239
  323       2929     2.94142
  324       2805     0.05022
  325       2934     0.84346
  326       2801     0.93144
  327       2738     0.79827
  328       2794     2.28622
  329       2803     4.10715
  330       2805     3.52953
  331       2661     0.95603
  332       2782     4.10395
  333       2758     2.53782
  334       2685     0.89968
  335       2749     2.34325
  336       2753    11.09000
  337       2824     2.46988
  338       2746     2.79326
  339       2730     0.05742
  340       2725     3.09096
  341       2694     1.54148
  342       2666     2.42316
  343       2674     3.84218
  344       2650     2.77822
  345       2761     1.27595
  346       2719    12.02220
  347       2585     1.15901
  348       2574    17.56945
  349       2601     0.05303
  350       2668     2.94447
  351       2583     1.02321
  352       2634     5.33197
  353       2576     0.05461
  354       2553     1.99724
  355       2639     6.86019
  356       2554     0.64507
  357       2561     0.06027
  358       2525     3.79110
  359       2517     3.31620
  360       2569     5.25230
  361       2560     1.10195
  362       2506     0.05593
  363       2305     0.05262
  364       1690     0.92551
  365        807     0.03029
  366        326     2.18049
  367        170     1.40063
  368        134     0.01430
  369        109     1.66596
  370         87     0.01281
  371         73     0.01218
  372         67     1.05255
  373         56     0.01112
  374         45     0.01060
  375         33     1.49676
  376         36     0.01029
  377         28     0.00951
  378         31     0.00973
  379         27     0.00954
  380         21     0.00921
  381         33     0.01017
  382         20     0.00978
  383         29     0.00937
  384         21     0.00909
  385         21     0.00941
  386         27     0.00977
  387         13     0.00910
  388         14     0.00889
  389         17     0.00990
  390         20     1.51609
  391         23     0.00954
  392         13     0.00890
  393         15     0.00898
  394          8     0.00914
  395         12     0.00876
  396          8     0.00875
  397         10     0.00884
  398         13     0.00880
  399         10     0.00880
  400          8     0.00854
  401          9     0.00886
  402         13     0.00938
  403          7     0.00822
  404          7     0.00839
  405         19     0.00880
  406          7     0.00845
  407          3     0.00811
  408         14     0.00888
  409          9     0.00839
  410          3     0.00902
  411          8     0.00837
  412          7     0.00971
  413         12     0.01004
  414         12     0.00897
  415         10     0.00925
  416          7     0.00847
  417          4     0.00848
  418          9     0.00861
  419          9     0.00833
  420          3     0.00825
  421          3     0.00822
  422          1     0.00809
  423         10     1.63194
  424          7     0.00909
  425          6     0.00920
  426          3     0.00878
  427          5     0.00873
  428          4     0.00893
  429          6     0.00898
  430          6     0.00906
  431          5     0.00911
  432          4     0.00883
  433          7     0.00904
  434          3     0.00901
  435          4     0.00892
  436          3     0.00875
  437          3     0.00882
  438          7     0.00864
  439          5     0.00878
  440          3     0.00898
  441          5     0.00874
  442          7     0.00889
  443          4     0.00868
  444          2     0.00847
  445          4     0.00877
  446          4     0.00896
  447          2     0.00853
  448          4     0.00878
  449          6     0.00875
  450          6     0.00863
  451          1     0.00838
  452          1     0.00853
  453          4     0.00886
  454          8     0.00861
  455          6     0.01007
  457          8     0.00918
  458          2     0.00862
  459          2     0.00852
  460          1     0.00847
  461          3     0.00890
  462          6     0.00854
  463          4     0.00805
  464          5     0.00831
  465          4     0.00815
  466          3     0.00808
  467          2     0.00832
  468          5     0.00813
  469          2     0.00831
  470          3     0.00814
  471          1     0.00847
  472          2     0.00888
  474          3     0.00853
  475          1     0.00825
  476          2     0.00823
  477          4     0.00838
  478          3     0.00829
  479          1     0.00786
  480          2     0.00813
  481          2     0.00845
  482          2     0.00809
  483          2     0.00784
  484          3     0.00813
  485          2     0.00868
  486          2     0.00782
  487          3     0.00781
  488          2     0.00820
  489          1     0.00784
  490          1     0.00788
  491          3     0.00799
  492          1     0.00778
  493          3     0.00784
  494          3     0.00799
  495          1     0.00769
  496          2     0.00809
  498          2     0.00779
  499          5     0.00789
  500          1     0.00784
  501          1     0.00785
  503          2     0.00782
  504          4     0.00815
  505          2     0.00804
  506          1     0.00798
  508          1     0.00785
  510          1     0.00818
  511          1     0.00798
  512          3     0.00839
  514          1     0.00797
  515          1     0.00808
  516          3     0.00804
  517          4     0.00813
  521          1     0.00824
  522          1     0.00785
  523          2     0.00796
  524          2     0.00800
  525          3     0.00814
  526          2     0.00778
  528          1     0.00762
  529          3     0.00797
  530          2     0.00787
  532          1     0.00785
  533          1     0.00813
  534          1     0.00787
  537          1     0.00777
  538          2     0.00808
  539          1     0.00801
  541          1     0.00798
  543          1     0.00792
  548          3     0.00810
  549          1     0.00765
  551          1     0.00776
  553          1     0.00780
  554          2     0.00822
  556          1     0.00795
  557          1     0.00796
  561          2     0.00812
  564          1     0.00785
  565          3     0.00816
  568          1     0.00819
  572          1     0.00794
  575          1     0.00805
  579          2     0.00843
  583          1     0.00804
  589          1     0.00794
  590          1     0.00779
  591          1     0.00797
  595          1     0.00840
  598          1     0.00775
  614          1     0.00792
  658          1     0.00789
took 445 iterations
Trial Time:          35.38570
    0          1    19.16680
    9          1    20.98674
   21          1  1285.22930
   22          9  4820.73045
   23        769  16222.85341
   24       6797  3692.08788
   25      22604  1624.42707
   26      30485   799.96049
   27      30849   317.05479
   28      29311   295.26100
   29      27301    75.12887
   30      25514   141.24043
   31      24259   102.83433
   32      22816    65.57737
   33      21385    95.26267
   34      20436    47.21991
   35      19661    44.72472
   36      18877    52.24898
   37      17927    32.86888
   38      17399    27.92961
   39      16669    49.60777
   40      16378    34.71738
   41      15499    39.84313
   42      14814    11.15561
   43      14509    48.36382
   44      14260    42.83201
   45      13902    39.13540
   46      13452    47.77210
   47      12978    35.50619
   48      12672    23.81927
   49      12545    13.66599
   50      12100    34.08183
   51      11985    23.45271
   52      11663    17.34559
   53      11298    30.56227
   54      11265    55.81088
   55      11022    13.12013
   56      10837    33.74213
   57      10474    17.41862
   58      10408    16.54160
   59      10136    23.72331
   60      10105     5.19459
   61       9900     6.61333
   62       9651    50.15156
   63       9400     8.35943
   64       9530    20.22574
   65       9242     3.76998
   66       9013    20.36452
   67       8865    14.91484
   68       8698    12.56348
   69       8707     4.40650
   70       8572     5.14891
   71       8311    14.26739
   72       8394     5.17233
   73       8245    15.57920
   74       8155     5.29637
   75       7947    19.06692
   76       7860    15.35535
   77       7742     1.92901
   78       7871    14.34851
   79       7497    49.10746
   80       7501    22.35106
   81       7287     1.07156
   82       7387     5.79677
   83       7243     2.95622
   84       7135     4.85499
   85       6947     4.12547
   86       7092     7.39653
   87       6926    19.50178
   88       6941     3.62309
   89       6948    11.49185
   90       6795     5.62452
   91       6616    20.34133
   92       6647     1.38496
   93       6448    16.15410
   94       6471     3.89210
   95       6427     7.82160
   96       6189     3.83089
   97       6217     6.65181
   98       6136    15.24697
   99       6189     0.23702
  100       6009     3.75242
  101       5980     1.10168
  102       6032     8.62163
  103       5969     9.60815
  104       5766    15.50312
  105       5886     6.49770
  106       5754     9.41069
  107       5617     9.78287
  108       5635     1.10083
  109       5550     4.83170
  110       5589     3.24729
  111       5492     2.01215
  112       5486     3.92443
  113       5426     6.86754
  114       5356     2.75038
  115       5396     1.49531
  116       5371     2.01843
  117       5276     4.41998
  118       5133     3.20753
  119       5227     3.20378
  120       5125     0.15259
  121       4973     3.07078
  122       4885     5.03059
  123       4972     2.42268
  124       4964     6.57224
  125       5111     8.50835
  126       4858    17.53936
  127       4983     3.04235
  128       4696     1.59218
  129       4704     1.95871
  130       4743     8.30813
  131       4782     1.09378
  132       4912     2.70160
  133       4801     8.64986
  134       4599     3.50039
  135       4663     1.67901
  136       4581     4.55336
  137       4540    19.32976
  138       4542     2.81739
  139       4488     9.27380
  140       4442    17.17633
  141       4474    18.25928
  142       4406     5.57327
  143       4481    16.32521
  144       4361     5.98540
  145       4338     4.69925
  146       4269     5.83670
  147       4270    11.25887
  148       4344     2.52560
  149       4330     4.43770
  150       4248     9.15179
  151       4204     3.32198
  152       4124     1.73859
  153       4024     3.32637
  154       4112     3.30992
  155       4250    23.50746
  156       4130     0.87913
  157       3951     2.81989
  158       4052     2.01208
  159       3955     3.54765
  160       3949     3.27383
  161       3982     1.01151
  162       3882     3.02412
  163       3976     2.43043
  164       3825     1.79703
  165       3793     2.54969
  166       3829     0.08516
  167       3806     1.86729
  168       3846    19.79700
  169       3766     0.95127
  170       3867     5.52626
  171       3778     3.32770
  172       3701     1.69103
  173       3672     1.23630
  174       3787     4.51086
  175       3613     0.67144
  176       3601     2.13666
  177       3649     1.70860
  178       3699     2.91438
  179       3551     0.67341
  180       3656     1.12597
  181       3611     2.95950
  182       3636     3.55245
  183       3456     2.45760
  184       3521     2.21351
  185       3545     2.82090
  186       3462     7.97565
  187       3376     3.61626
  188       3538     2.10662
  189       3386     4.18927
  190       3327     1.80927
  191       3437     2.54331
  192       3299     3.50827
  193       3398     5.67790
  194       3327     1.15662
  195       3393     7.28573
  196       3286     3.44794
  197       3272     4.16736
  198       3384     4.10008
  199       3295     0.06113
  200       3389     2.79012
  201       3218     1.16407
  202       3253     1.24663
  203       3338     0.05967
  204       3170     2.45595
  205       3159     1.70721
  206       3275     0.05805
  207       3085     2.87388
  208       3186     1.31958
  209       3165     2.93061
  210       3125     3.83431
  211       3176     1.48025
  212       3114     1.39339
  213       3027     0.05454
  214       3138     3.69079
  215       3026     8.31943
  216       3079     1.48426
  217       3042     7.30958
  218       2988     9.28351
  219       2893     0.78863
  220       3071     0.05450
  221       2907     4.49710
  222       2975     2.11345
  223       2955     4.43516
  224       2943     0.05006
  225       2944     1.57986
  226       2932     0.53155
  227       2963     2.39095
  228       2974     1.42461
  229       2819     2.74741
  230       2909     1.31806
  231       2881     1.05764
  232       2892     0.04718
  233       2883     2.83282
  234       2809     2.62886
  235       2777     2.17480
  236       2756     0.04703
  237       2880     0.04772
  238       2821     3.00551
  239       2784     1.46799
  240       2813     0.05029
  241       2764     0.04951
  242       2790     0.70308
  243       2658     3.09159
  244       2758     4.18180
  245       2738     7.38240
  246       2629     0.93543
  247       2683     4.43535
  248       2711     0.04494
  249       2699     1.01006
  250       2752     3.66491
  251       2704     8.38731
  252       2619     2.46138
  253       2829     0.85462
  254       2603     1.43498
  255       2709     0.04250
  256       2624     2.14140
  257       2627     5.19258
  258       2610     3.38361
  259       2560     1.03972
  260       2623     1.73049
  261       2680     2.33311
  262       2569     6.02218
  263       2534     2.47856
  264       2724     2.85028
  265       2606     0.04541
  266       2564     3.53603
  267       2545     0.65089
  268       2548     1.58214
  269       2454     2.93931
  270       2501     0.03978
  271       2517     0.04310
  272       2583     3.44975
  273       2475     1.90429
  274       2499     2.05627
  275       2484     2.03750
  276       2540     1.42969
  277       2401     0.03924
  278       2177     1.94687
  279       1382     0.03157
  280        612     0.02425
  281        282     2.80436
  282        163     0.01696
  283        109     0.01433
  284        104     0.92674
  285        104     0.01132
  286         63     0.01034
  287         59     1.75768
  288         56     0.01025
  289         41     0.00979
  290         32     0.01170
  291         36     0.89507
  292         26     0.00929
  293         32     0.00944
  294         27     0.00922
  295         23     0.00890
  296         22     0.00887
  297         26     0.00920
  298         27     0.00887
  299         21     0.00865
  300         21     0.00923
  301         27     0.00934
  302         16     0.00905
  303         17     0.00895
  304         13     0.00894
  305         29     2.46376
  306         15     0.00967
  307         11     0.00948
  308         11     0.00935
  309         11     0.00986
  310         10     0.01001
  311          9     0.00942
  312         10     0.01005
  313         13     0.01003
  314         10     0.01076
  315          6     0.00945
  316         12     0.00964
  317         12     0.00971
  318          8     0.00978
  319          8     0.00925
  320         15     0.00980
  321          6     0.00975
  322         11     0.00958
  323          6     0.00970
  324         11     0.01001
  325          5     0.00945
  326          6     0.00942
  327         10     0.00985
  328         10     0.01117
  329         14     0.01061
  330          5     0.00974
  331         10     0.00953
  332          5     0.00935
  333         11     0.00986
  334          6     0.00942
  335          2     0.00894
  336          1     0.00857
  337          6     0.00904
  338          6     0.31546
  339          8     0.00899
  340          6     0.00881
  341          2     0.00854
  342          6     0.00898
  343          4     0.00864
  344          3     0.00877
  345          7     0.00931
  346          6     0.01078
  347          7     0.00878
  348          6     0.00910
  349          1     0.00857
  350          2     0.01159
  351          5     0.00868
  352          4     0.00879
  353          9     0.00876
  354          3     0.00867
  355          4     0.00998
  356          2     0.00861
  357          7     0.00858
  358          3     0.00856
  359          5     0.00879
  360          4     0.00883
  361          3     0.00872
  362          4     0.00880
  363          4     0.00871
  364          6     0.00884
  365          5     0.00881
  366          1     0.00827
  367          1     0.00847
  368          7     0.00873
  369          6     0.00877
  370          4     0.00865
  371          2     0.00849
  372          8     0.00864
  373          1     0.00820
  374          1     0.00856
  375          1     0.00871
  376          3     0.00854
  377          7     0.00864
  378          5     0.00869
  379          4     0.00874
  380          3     0.00850
  381          4     0.00852
  382          3     0.00883
  383          3     0.00851
  384          1     0.00852
  385          2     0.00842
  386          2     0.00856
  387          3     0.00866
  388          1     0.00854
  389          2     0.00925
  390          2     0.00863
  391          2     0.00858
  392          6     0.00876
  394          1     0.00838
  395          3     0.00856
  396          1     0.00871
  397          3     0.00857
  398          2     0.00866
  399          2     0.00873
  400          3     0.00865
  401          3     0.00886
  402          2     0.00857
  403          1     0.00868
  404          1     0.00859
  405          4     0.00854
  407          2     0.00847
  408          2     0.00851
  409          1     0.00843
  410          2     0.00860
  411          2     0.00863
  412          2     0.00893
  413          2     0.00860
  414          5     0.00865
  415          1     0.00861
  418          3     0.00842
  419          4     0.00873
  420          1     0.00867
  422          1     0.00844
  423          1     0.00831
  426          3     0.00856
  427          2     0.00864
  429          1     0.00838
  430          3     0.00862
  431          2     0.00848
  432          2     0.00835
  433          1     0.00863
  436          1     0.00849
  437          1     0.00860
  438          4     0.00876
  439          2     0.00846
  440          1     0.00844
  441          1     0.00861
  442          2     0.00847
  443          3     0.00869
  444          1     0.00852
  446          1     0.00853
  448          2     0.00860
  449          1     0.00846
  451          1     0.00846
  453          3     0.00855
  456          1     0.00853
  459          1     0.00848
  462          3     0.00874
  463          1     0.00846
  467          2     0.00875
  468          1     0.00839
  469          1     0.00860
  472          2     0.00832
  476          1     0.00845
  478          1     0.00865
  479          2     0.00824
  480          2     0.00848
  482          1     0.00875
  487          1     0.00848
  489          1     0.00992
  494          2     0.00846
  497          1     0.00839
  502          1     0.00851
  505          2     0.00860
  509          1     0.00854
  513          1     0.00838
  530          1     0.00835
  573          1     0.00819
took 444 iterations
Trial Time:          33.00191
    0          1     5.52232
   71          1    44.54320
   82          1  1976.60447
   83         19  4198.89405
   84        319  16829.62141
   85       3443  5139.94144
   86      17370  1858.83622
   87      29198   443.43808
   88      31155   220.75882
   89      29686   138.03926
   90      28207    91.35027
   91      26167    68.20133
   92      24420    57.20750
   93      23362    62.47048
   94      21866    17.57703
   95      20803    89.87664
   96      20015    88.50720
   97      19133    48.72571
   98      18295    33.46499
   99      17539    19.83633
  100      16950    52.44423
  101      16503    15.61818
  102      15836    32.34685
  103      15058     9.36198
  104      14899    13.29729
  105      14391    48.38669
  106      14223    33.87006
  107      13648    43.41571
  108      13166    21.41212
  109      12831    35.97291
  110      12614    46.98191
  111      12435    11.43322
  112      12051    21.06392
  113      11711     7.32129
  114      11560     9.92387
  115      11529     3.24525
  116      11131    42.04682
  117      10926    46.71002
  118      10510    33.04549
  119      10560     5.73869
  120      10263    18.44345
  121      10135    28.20904
  122       9923     3.35412
  123       9855    21.11767
  124       9556    25.00152
  125       9303     9.89361
  126       9427    13.31564
  127       9310    35.36819
  128       9150     7.44803
  129       8726     5.43194
  130       8681     1.48839
  131       8783    13.74099
  132       8543     4.69603
  133       8293     7.16201
  134       8362     3.64202
  135       8294     8.29962
  136       8102     3.12738
  137       7993     8.96480
  138       7907     2.86013
  139       7834    15.38557
  140       7798    25.42791
  141       7528    13.19641
  142       7564     6.25462
  143       7411     8.99247
  144       7372     2.65854
  145       7163     1.92009
  146       7052     0.98921
  147       7139     8.71079
  148       7095    16.23105
  149       6867     7.89342
  150       6931     2.84671
  151       6883    10.16934
  152       6851     9.20049
  153       6648     4.52293
  154       6729     2.94491
  155       6463     5.45258
  156       6434    11.61143
  157       6465     1.45662
  158       6289    22.37464
  159       6208     3.56672
  160       6410     1.51196
  161       6169     5.97490
  162       6154     6.64710
  163       5995     6.60553
  164       6045     2.58308
  165       5974    13.89132
  166       5860    22.26215
  167       5880    10.67060
  168       5771     1.74458
  169       5757    15.27018
  170       5584     7.19622
  171       5506     2.57519
  172       5602     1.46036
  173       5547     0.19521
  174       5369     3.70103
  175       5382     5.65205
  176       5530     5.40534
  177       5225     8.93853
  178       5232     1.48851
  179       5318     8.74385
  180       5242     9.44919
  181       5230     0.17601
  182       5214     3.87902
  183       4939     4.01956
  184       5120     4.31210
  185       4974     2.84389
  186       5054    19.23681
  187       4995     5.63852
  188       4970     3.40035
  189       4867     3.00675
  190       4771     1.47777
  191       4787     3.05061
  192       4805     4.84676
  193       4895     0.56616
  194       4895     9.61320
  195       4795     2.55781
  196       4584     3.71048
  197       4684     3.84158
  198       4721    13.76043
  199       4604     2.79764
  200       4616     5.31412
  201       4411    11.48025
  202       4525     9.72410
  203       4487    16.34956
  204       4524    15.02875
  205       4411     3.35928
  206       4394     7.73254
  207       4415     7.17413
  208       4319     0.11151
  209       4384     9.33528
  210       4294     5.08084
  211       4334     0.68068
  212       4298     2.01527
  213       4288     3.63625
  214       4197     7.19627
  215       4150     4.31183
  216       4124     5.88967
  217       4367     2.37692
  218       4104    13.27307
  219       4040     0.09427
  220       4071     9.13056
  221       4033     1.35812
  222       4073     3.06560
  223       4073     0.97113
  224       3961     3.06349
  225       3965     0.08408
  226       3972     1.61732
  227       3891     0.08290
  228       3897     1.63958
  229       3997     3.17447
  230       3814     3.02259
  231       3849     0.76870
  232       3829     3.61400
  233       3832     0.07438
  234       3737     2.63480
  235       3785     4.65102
  236       3828     2.67923
  237       3675     0.07021
  238       3825     4.06189
  239       3702     2.26706
  240       3760     2.44999
  241       3617     0.52616
  242       3697     1.46489
  243       3555     2.73363
  244       3678     3.80907
  245       3506     1.73026
  246       3616     2.47887
  247       3535     2.75725
  248       3546     2.65408
  249       3513     1.53439
  250       3493    10.73670
  251       3510     1.36152
  252       3429     4.08257
  253       3524     3.84677
  254       3454     2.45965
  255       3426     5.10076
  256       3332     3.00312
  257       3389     0.06112
  258       3371     2.24871
  259       3307     2.73809
  260       3419     1.55411
  261       3261     0.06148
  262       3396     3.80489
  263       3240     0.57706
  264       3369     0.06047
  265       3286     4.41951
  266       3241     0.78973
  267       3261     8.26870
  268       3237     1.37481
  269       3203     4.97830
  270       3281     3.10940
  271       3216     2.55744
  272       3220     1.53815
  273       3212     3.25553
  274       3189     0.05535
  275       3092    12.96815
  276       3078     2.67545
  277       3146     1.83777
  278       3118     1.62629
  279       3078     5.27874
  280       2941     3.15228
  281       2997     1.07698
  282       3092    19.37186
  283       3099     5.33991
  284       3086     0.85742
  285       3004     2.54950
  286       3060     1.48582
  287       2989     1.82773
  288       3003     3.97769
  289       3024     2.09724
  290       2935     0.89645
  291       2926     0.92936
  292       2962     0.05071
  293       2907     1.62957
  294       2903     3.31608
  295       2801     1.20212
  296       2843     4.12783
  297       2796     0.43094
  298       2870     1.74614
  299       2924     0.04880
  300       2883     0.70930
  301       2856     1.84248
  302       2829     0.04894
  303       2839     1.93252
  304       2810     0.55939
  305       2795     2.18470
  306       2752     8.49901
  307       2753     0.04698
  308       2707     0.77238
  309       2777     4.71221
  310       2661     0.04437
  311       2766     3.12429
  312       2786     4.45254
  313       2829     3.15773
  314       2659     1.74929
  315       2744     0.04875
  316       2791     0.53265
  317       2684     0.04419
  318       2665    14.61328
  319       2726     2.38066
  320       2726     1.83830
  321       2673     0.04877
  322       2621     3.22545
  323       2652     4.09376
  324       2584     1.29137
  325       2573     1.53575
  326       2732     4.19759
  327       2587     1.75501
  328       2697     1.92824
  329       2569     1.41217
  330       2593     0.38138
  331       2541     2.00435
  332       2692     1.44529
  333       2556     0.04293
  334       2490     2.26723
  335       2530     2.95664
  336       2546     0.04258
  337       2598     2.42000
  338       2517     0.04127
  339       2268     0.97008
  340       1755     0.03607
  341        802     0.02549
  342        335     0.01758
  343        195     2.83796
  344        131     0.01320
  345        104     1.15582
  346        101     0.01199
  347         72     0.01064
  348         66     1.74789
  349         56     0.01008
  350         55     0.00961
  351         29     0.00920
  352         29     0.69235
  353         36     0.01121
  354         26     0.01184
  355         32     0.01183
  356         21     0.01178
  357         30     0.01128
  358         29     0.01124
  359         21     0.01011
  360         18     0.00904
  361         21     0.01018
  362         22     0.01054
  363         22     0.01024
  364         19     0.00980
  365         15     0.00957
  366         15     0.01086
  367         23     1.34216
  368         16     0.00924
  369          9     0.00920
  370         15     0.01039
  371         10     0.00878
  372          9     0.00817
  373          9     0.00825
  374         13     0.00840
  375          9     0.00824
  376         13     0.00862
  377          8     0.00866
  378          6     0.00831
  379         11     0.00862
  380         12     0.00867
  381         12     0.00924
  382          6     0.00809
  383          9     0.00787
  384         12     0.00866
  385         10     0.00821
  386          3     0.00771
  387          7     0.00808
  388          4     0.00818
  389         13     0.00824
  390         11     0.00907
  391         12     0.00908
  392          8     0.00802
  393          7     0.00825
  394          6     0.00785
  395          8     0.00817
  396          5     0.00804
  397          1     0.00769
  398          4     2.31547
  399          7     0.00989
  400          8     0.00979
  401          6     0.01038
  402          4     0.01039
  403          3     0.00946
  404          3     0.00934
  405          7     0.01014
  406          5     0.00911
  407          5     0.01043
  408          7     0.00959
  409          5     0.01038
  410          3     0.01008
  411          3     0.01004
  412          4     0.00922
  413          5     0.01024
  414          9     0.00924
  415          3     0.00904
  416          2     0.00914
  417          3     0.00967
  418          3     0.00913
  419          8     0.00922
  420          3     0.00942
  421          4     0.00960
  422          4     0.00801
  423          5     0.00881
  424          1     0.00982
  425          9     0.00940
  426          4     0.00957
  427          2     0.00885
  428          1     0.00892
  429          3     0.00928
  430          7     0.01022
  431          7     0.00964
  432          2     0.01008
  433          6     0.00875
  434          3     0.00881
  435          1     0.01039
  437          5     0.00961
  438          5     0.00882
  439          6     0.00844
  440          2     0.00799
  441          4     0.00842
  442          3     0.00873
  443          4     0.00917
  444          4     0.00830
  446          3     0.00851
  447          1     0.00986
  448          3     0.00861
  449          3     0.01050
  450          1     0.00830
  451          2     0.00818
  452          1     0.00787
  453          2     0.00820
  454          5     0.00831
  455          2     0.00815
  456          2     0.00810
  457          1     0.00791
  458          2     0.00801
  459          1     0.00773
  460          3     0.00797
  461          3     0.00805
  462          3     0.00818
  463          1     0.00816
  464          3     0.00801
  465          1     0.00778
  466          1     0.00791
  467          3     0.00797
  468          1     0.00763
  469          3     0.00787
  470          1     0.00759
  471          2     0.00789
  472          2     0.00782
  473          1     0.00792
  474          2     0.00797
  475          4     0.00862
  476          2     0.00791
  477          1     0.00784
  479          2     0.00786
  480          3     0.00788
  481          3     0.00810
  483          1     0.00775
  484          1     0.00782
  487          2     0.00812
  488          2     0.00804
  489          1     0.00800
  490          1     0.00802
  491          2     0.00766
  492          4     0.00789
  493          1     0.00761
  494          1     0.00780
  497          2     0.00784
  498          1     0.00787
  499          4     0.00786
  501          1     0.00768
  502          1     0.00774
  503          2     0.00787
  504          2     0.00773
  505          2     0.00784
  506          2     0.00787
  509          1     0.00762
  510          2     0.00792
  512          1     0.00841
  514          3     0.00795
  517          1     0.00789
  520          1     0.00789
  523          2     0.00806
  524          1     0.00768
  525          1     0.00778
  528          1     0.00769
  529          1     0.00796
  530          2     0.00811
  533          1     0.00788
  534          1     0.00768
  537          1     0.00797
  539          2     0.00799
  540          1     0.00792
  541          1     0.00805
  542          1     0.00796
  544          1     0.00790
  547          1     0.00804
  551          1     0.00822
  554          1     0.00795
  555          1     0.00772
  559          1     0.00774
  564          1     0.00783
  565          1     0.00799
  566          1     0.00786
  571          1     0.00779
  575          1     0.00776
  591          1     0.00767
  633          1     0.00764
took 450 iterations
Trial Time:          34.29888
    0          1    56.75007
    3          1    99.94463
    5          1   170.59763
    6          2  1111.21671
    7          6  2629.08995
    8         88  8162.21678
    9        935  10154.48600
   10       8166  3408.81101
   11      23965   933.10921
   12      30819   441.00650
   13      30761   228.58154
   14      29056   193.45629
   15      26986   160.87217
   16      25500    66.52417
   17      24196   106.58947
   18      22495    46.82532
   19      21557    93.31942
   20      20662    30.16230
   21      19577    80.02654
   22      18691    73.46889
   23      17805    36.30935
   24      17238    49.20442
   25      16753    12.22710
   26      16245    38.34996
   27      15609    37.33288
   28      14983    13.29042
   29      14708    37.45297
   30      14208    28.75268
   31      14049    39.13198
   32      13337    12.48704
   33      13182    41.75925
   34      12875    55.64281
   35      12391    47.03081
   36      12084    23.64976
   37      12049    25.38845
   38      11582    27.66519
   39      11512    29.04856
   40      11242    41.98137
   41      10994     9.84851
   42      10853    34.66740
   43      10496    31.51160
   44      10504    15.12081
   45      10187     7.78060
   46      10029     5.83217
   47       9766     4.20068
   48       9916    15.31146
   49       9447    18.31602
   50       9450     6.94027
   51       9184    10.56877
   52       9191    33.34722
   53       8859    14.82196
   54       8775     2.38439
   55       8672     0.40540
   56       8594     8.86640
   57       8438    24.54111
   58       8409    17.17340
   59       8346     3.81697
   60       8198     6.61481
   61       8097    14.58460
   62       7736    13.12837
   63       7839     7.07315
   64       7779    18.27546
   65       7532    15.58749
   66       7701    42.39468
   67       7472     4.57671
   68       7191    12.58224
   69       7375     3.41458
   70       7242     5.68645
   71       7145     4.74076
   72       7011    20.60750
   73       7035     9.60011
   74       6983     3.72290
   75       6796     9.28966
   76       6806    33.65094
   77       6665     5.70928
   78       6684     6.45451
   79       6562    13.29400
   80       6501    19.09229
   81       6466     4.84420
   82       6344     1.24421
   83       6331     6.64248
   84       6138     6.52717
   85       6302     1.84804
   86       6048     8.16813
   87       6038     4.92994
   88       6005    19.76943
   89       6139     2.21173
   90       5885     5.82888
   91       5843     9.08282
   92       5927     8.89561
   93       5793     6.34701
   94       5817     3.95948
   95       5588     3.40753
   96       5638     2.36304
   97       5670     4.85488
   98       5503     2.75759
   99       5404     7.05594
  100       5425     2.25168
  101       5431    10.42672
  102       5435     8.94964
  103       5276     2.77271
  104       5260     3.79568
  105       5180     0.57954
  106       5198     0.15439
  107       4982     2.25307
  108       5102    13.80043
  109       5027     4.02042
  110       4979     5.62070
  111       5148     4.12432
  112       4977    17.10534
  113       4974     1.87683
  114       4816     2.37561
  115       4866     3.00994
  116       4837     2.94795
  117       4852     2.96719
  118       4905     5.65998
  119       4837     3.40170
  120       4695     5.07554
  121       4700     2.19168
  122       4691     2.21208
  123       4655    15.79830
  124       4608     2.88001
  125       4507     6.90745
  126       4494     4.83551
  127       4564     5.06359
  128       4514     6.72287
  129       4355    14.82627
  130       4528    19.88076
  131       4370     2.18212
  132       4418    21.17513
  133       4403     4.22984
  134       4421     1.59557
  135       4178    10.33951
  136       4314     9.74003
  137       4226     9.58398
  138       4210     1.79816
  139       4337     4.08825
  140       4114    16.91507
  141       4220     9.66814
  142       4237     3.39569
  143       4074     3.40815
  144       4054     1.77966
  145       4098     5.80824
  146       4001     4.98981
  147       4053     1.48167
  148       3998     1.12992
  149       3959     2.24813
  150       3894     3.68362
  151       3946     1.65112
  152       3872     0.08152
  153       3869     2.06140
  154       4003     3.94798
  155       3851     3.09616
  156       3928     4.46034
  157       3791     0.83614
  158       3777     3.44251
  159       3726    14.73887
  160       3738     0.07996
  161       3826     5.44071
  162       3739     5.45863
  163       3722     1.95995
  164       3733     1.07951
  165       3776     0.07646
  166       3651     4.12107
  167       3561     0.06578
  168       3669     9.42103
  169       3530     2.21148
  170       3551     2.64363
  171       3512     8.39226
  172       3497     3.04027
  173       3564    15.58118
  174       3545     3.03435
  175       3543     4.38468
  176       3509     2.04837
  177       3329     2.64465
  178       3466     8.54652
  179       3345     2.97905
  180       3525     1.92450
  181       3453     3.88208
  182       3368     6.70068
  183       3522     4.47387
  184       3369     2.51151
  185       3346     0.06434
  186       3407     1.10554
  187       3321     7.85789
  188       3337     0.06111
  189       3362     4.83651
  190       3303     1.26975
  191       3268     3.87748
  192       3239     0.91477
  193       3159     5.15841
  194       3245     2.74375
  195       3293     2.50917
  196       3187     2.86663
  197       3166     2.20088
  198       3234     1.78323
  199       3154     0.06264
  200       3128     3.38419
  201       3120     3.08558
  202       3135     0.77148
  203       3061     8.47834
  204       3053     2.39143
  205       3067     0.76094
  206       3033     4.89851
  207       3052     3.53295
  208       3031     3.92664
  209       3043     1.08373
  210       2954     0.05093
  211       3048     0.05330
  212       3005     4.17367
  213       3001     4.73225
  214       3005     2.94322
  215       2941     1.01248
  216       2958     1.28770
  217       2894     2.28408
  218       2981     1.62976
  219       2820     1.94097
  220       2835     2.83589
  221       2840     2.46603
  222       2879     0.04797
  223       2931     1.28032
  224       2922     0.52307
  225       2780     0.54168
  226       3011     1.70755
  227       2719     0.05069
  228       2935     0.80144
  229       2794     1.82473
  230       2906     4.42804
  231       2778     2.35785
  232       2781     1.39813
  233       2732     2.54411
  234       2699     0.55089
  235       2646     0.04467
  236       2724     4.08369
  237       2728     9.74903
  238       2701     1.11770
  239       2739     1.76595
  240       2779     1.99855
  241       2721     2.78778
  242       2640     0.78480
  243       2721     4.21533
  244       2744     4.17228
  245       2583     1.85654
  246       2669     1.85224
  247       2736     3.38368
  248       2570     6.09228
  249       2626     0.04275
  250       2686     3.17966
  251       2682     1.82732
  252       2627     2.83972
  253       2586     1.60661
  254       2624     2.42244
  255       2583     0.91029
  256       2619     0.04287
  257       2611     0.04206
  258       2553     2.67053
  259       2492     4.43796
  260       2626     2.29470
  261       2483     3.10467
  262       2585     0.04448
  263       2440     0.04430
  264       2067     0.68507
  265       1375     0.03511
  266        511     1.91529
  267        247     0.75983
  268        164     1.02201
  269        120     1.37494
  270        104     0.01255
  271         92     0.01200
  272         58     0.01054
  273         58     0.74313
  274         61     0.01084
  275         32     0.00954
  276         35     0.00958
  277         38     0.52259
  278         25     0.01046
  279         33     0.01007
  280         23     0.00950
  281         28     0.00988
  282         25     0.01001
  283         25     0.00975
  284         23     0.00998
  285         18     0.00965
  286         29     0.00950
  287         24     0.00897
  288         13     0.00959
  289         12     0.01006
  290         16     0.00861
  291         30     1.79445
  292         13     0.00893
  293         11     0.00884
  294         11     0.00843
  295         14     0.00877
  296         11     0.00849
  297          9     0.00827
  298         10     0.00857
  299         12     0.00840
  300          6     0.00806
  301         13     0.00882
  302          9     0.00803
  303          9     0.00796
  304         13     0.00887
  305         10     0.00823
  306          9     0.00812
  307          8     0.00811
  308          7     0.00786
  309         13     0.00841
  310          8     0.00820
  311          5     0.00791
  312          8     0.00803
  313          9     0.00825
  314         12     0.00809
  315          9     0.00828
  316          8     0.00792
  317          6     0.00806
  318          9     0.00790
  319          8     0.00803
  320          5     0.00792
  321          4     0.00795
  322          3     0.00801
  323          2     0.42552
  324          8     0.00763
  325          7     0.00836
  326          6     0.00838
  327          3     0.00894
  328          4     0.00820
  329          5     0.00809
  330          4     0.00816
  331          6     0.00784
  332          8     0.00826
  333          6     0.00818
  334          5     0.00844
  335          1     0.00844
  336          6     0.00881
  337          3     0.00867
  338          4     0.00816
  339          7     0.00809
  340          3     0.00813
  341          4     0.00788
  342          5     0.00940
  343          6     0.00806
  344          3     0.00806
  345          3     0.00907
  346          4     0.00820
  347          3     0.00798
  348          5     0.00808
  349          4     0.00802
  350          7     0.00819
  351          2     0.00793
  352          2     0.00781
  353          2     0.00821
  354          5     0.00815
  355          7     0.00798
  356          5     0.00834
  357          3     0.00789
  358          5     0.00788
  359          2     0.00988
  360          1     0.00866
  361          1     0.00786
  362          6     0.00849
  363          4     0.00952
  364          5     0.00796
  365          4     0.00804
  366          4     0.00803
  367          2     0.00819
  368          4     0.00793
  369          3     0.00795
  371          5     0.00793
  372          1     0.00789
  373          3     0.00786
  374          2     0.00795
  376          1     0.00791
  377          4     0.00805
  378          4     0.00819
  379          1     0.00796
  380          3     0.00823
  381          2     0.00809
  382          1     0.00833
  383          2     0.00802
  384          2     0.00788
  385          3     0.00797
  386          2     0.00791
  387          2     0.00826
  388          2     0.00823
  389          3     0.00792
  391          2     0.00782
  392          4     0.00826
  393          1     0.00765
  394          2     0.00840
  395          2     0.00811
  396          1     0.00821
  397          1     0.00801
  398          4     0.00797
  399          1     0.00792
  400          3     0.00803
  401          2     0.00791
  404          3     0.00790
  405          3     0.00814
  406          2     0.00827
  407          1     0.00793
  408          1     0.00780
  412          2     0.00786
  413          2     0.00815
  414          2     0.00813
  416          2     0.00798
  417          4     0.00808
  418          2     0.00748
  422          2     0.00869
  423          2     0.00801
  424          3     0.00813
  425          1     0.00806
  426          2     0.00827
  427          1     0.00801
  429          3     0.00786
  430          1     0.00833
  431          2     0.00811
  432          1     0.00775
  434          1     0.00801
  435          1     0.00799
  437          1     0.00800
  439          3     0.00810
  442          1     0.00810
  444          1     0.00806
  448          1     0.00805
  449          3     0.00798
  453          1     0.00774
  454          2     0.00814
  456          1     0.00800
  458          2     0.00805
  461          1     0.00784
  464          2     0.00815
  465          1     0.00760
  466          1     0.00868
  467          1     0.00819
  468          1     0.00817
  472          1     0.00906
  476          1     0.00809
  479          1     0.00771
  480          1     0.00780
  483          1     0.00791
  489          1     0.00790
  491          2     0.00799
  495          1     0.00810
  500          1     0.00788
  516          1     0.00794
  558          1     0.00788
took 446 iterations
